v,2,sort,14,21
v,7,sort,26,28
v,13,sort,36,38
v,14,sort,39,39
v,16,sort,42,42
v,18,sort,45,45
v,27,sort,54,54
v,36,sort,24,28
v,37,sort,29,30
v,38,sort,56,56
v,39,sort,57,60
v,-1,main,0,0
v,-2,main,0,0
v,-3,sort,0,0
v,-4,sort,0,0
e,2,13,13:MainPath > 14,21,23,23,:SidePaths > 0=14,21,23,23,24,24,24,24,32,32,33,34,67,67,23,23,weight=54:
e,2,36,30:MainPath > 14,21,23,23,24,24,24,24,25,26,26,26,:SidePaths > 0=14,21,23,23,24,24,24,24,25,26,26,26,27,27,weight=37:1=14,21,23,23,24,24,24,24,32,32,33,34,67,67,23,23,24,24,24,24,25,26,26,26,27,27,weight=78:2=14,21,23,23,24,24,24,24,32,32,33,34,67,67,23,23,24,24,24,24,25,26,26,26,weight=71:
e,2,7,37:MainPath > 14,21,23,23,24,24,24,24,25,26,26,26,27,27,:SidePaths > 0=14,21,23,23,24,24,24,24,32,32,33,34,67,67,23,23,24,24,24,24,25,26,26,26,27,27,weight=78:
e,2,-4,25:MainPath > 14,21,23,23,24,24,24,24,32,32,71,71,71,71,:SidePaths > 0=14,21,23,23,24,24,24,24,32,32,33,34,67,67,23,23,24,24,24,24,32,32,71,71,71,71,weight=66:
e,7,36,16:MainPath > 26,28,26,26,:SidePaths > 0=26,28,26,26,27,27,weight=23:
e,7,7,23:MainPath > 26,28,26,26,27,27,:SidePaths > 
e,13,14,22:MainPath > 36,38,:SidePaths > 
e,13,16,32:MainPath > 36,38,41,41,:SidePaths > 
e,13,18,42:MainPath > 36,38,41,41,44,44,:SidePaths > 
e,13,38,81:MainPath > 36,38,41,41,44,44,47,49,51,51,51,51,52,52,52,52,53,53,:SidePaths > 
e,13,27,81:MainPath > 36,38,41,41,44,44,47,49,51,51,51,51,52,52,52,52,53,53,:SidePaths > 
e,14,16,26:MainPath > 39,39,41,41,:SidePaths > 
e,14,18,36:MainPath > 39,39,41,41,44,44,:SidePaths > 
e,14,38,75:MainPath > 39,39,41,41,44,44,47,49,51,51,51,51,52,52,52,52,53,53,:SidePaths > 
e,14,27,75:MainPath > 39,39,41,41,44,44,47,49,51,51,51,51,52,52,52,52,53,53,:SidePaths > 
e,16,18,28:MainPath > 42,42,44,44,:SidePaths > 
e,16,38,67:MainPath > 42,42,44,44,47,49,51,51,51,51,52,52,52,52,53,53,:SidePaths > 
e,16,27,67:MainPath > 42,42,44,44,47,49,51,51,51,51,52,52,52,52,53,53,:SidePaths > 
e,18,38,57:MainPath > 45,45,47,49,51,51,51,51,52,52,52,52,53,53,:SidePaths > 
e,18,27,57:MainPath > 45,45,47,49,51,51,51,51,52,52,52,52,53,53,:SidePaths > 
e,27,38,45:MainPath > 54,54,51,51,51,51,52,52,52,52,53,53,:SidePaths > 
e,27,27,45:MainPath > 54,54,51,51,51,51,52,52,52,52,53,53,:SidePaths > 
e,36,36,27:MainPath > 24,30,24,24,25,26,26,26,:SidePaths > 0=24,30,24,24,25,26,26,26,27,27,weight=34:1=24,30,24,24,32,32,33,34,67,67,23,23,24,24,24,24,25,26,26,26,27,27,weight=75:2=24,30,24,24,32,32,33,34,67,67,23,23,24,24,24,24,25,26,26,26,weight=68:
e,36,37,0:MainPath > 24,28,:SidePaths > 
e,37,7,34:MainPath > 24,30,24,24,25,26,26,26,27,27,:SidePaths > 0=24,30,24,24,32,32,33,34,67,67,23,23,24,24,24,24,25,26,26,26,27,27,weight=75:
e,37,13,51:MainPath > 24,30,24,24,32,32,33,34,67,67,23,23,:SidePaths > 
e,37,-4,22:MainPath > 24,30,24,24,32,32,71,71,71,71,:SidePaths > 0=24,30,24,24,32,32,33,34,67,67,23,23,24,24,24,24,32,32,71,71,71,71,weight=63:
e,38,39,8:MainPath > 56,56,:SidePaths > 
e,39,13,43:MainPath > 56,60,61,63,67,67,23,23,:SidePaths > 0=56,60,65,67,67,67,23,23,weight=43:
e,39,7,67:MainPath > 56,60,61,63,67,67,23,23,24,24,24,24,25,26,26,26,27,27,:SidePaths > 0=56,60,65,67,67,67,23,23,24,24,24,24,25,26,26,26,27,27,weight=67:
e,39,-4,55:MainPath > 56,60,61,63,67,67,23,23,24,24,24,24,32,32,71,71,71,71,:SidePaths > 0=56,60,65,67,67,67,23,23,24,24,24,24,32,32,71,71,71,71,weight=55:
e,39,36,60:MainPath > 56,60,61,63,67,67,23,23,24,24,24,24,25,26,26,26,:SidePaths > 0=56,60,65,67,67,67,23,23,24,24,24,24,25,26,26,26,27,27,weight=67:1=56,60,65,67,67,67,23,23,24,24,24,24,25,26,26,26,weight=60:2=56,60,65,67,67,67,23,23,24,24,24,24,25,26,26,26,27,27,weight=67:3=56,60,61,63,67,67,23,23,24,24,24,24,25,26,26,26,27,27,weight=67:
e,-1,-3,5:MainPath > 75,75,:SidePaths > 
e,-3,2,13:MainPath > 14,14,:SidePaths > 
e,-4,-2,5:MainPath > 77,77,:SidePaths > 
